 6.139e-016       8       8      -9      -7       5      -6     -10      -8      -4     -10
   1.658       0       0       0       0       0       0       0       0       0       0
   2.171       0       0       0       0       0       0       0       0       0       0
   1.401       0       0       0       0       0       0       0       0       0       0
-2.171e-016       0       0       0       0       0       0       0       0       0       0
  -1.085       0       0       0       0       0       0       0       0       0       0
  -1.253       0       0       0       0       0       0       0       0       0       0
 -0.6267       0       0       0       0       0       0       0       0       0       0
       0       0       0       0       0       0       0       0       0       0       0
  0.6267       0       0       0       0       0       0       0       0       0       0
   1.253       0       0       0       0       0       0       0       0       0       0
   1.085       0       0       0       0       0       0       0       0       0       0
 2.171e-016       0       0       0       0       0       0       0       0       0       0
  -1.401       0       0       0       0       0       0       0       0       0       0
  -2.171       0       0       0       0       0       0       0       0       0       0
  -1.658       0       0       0       0       0       0       0       0       0       0
-6.139e-016       0       0       0       0       0       0       0       0       0       0
